386
508
620
45
309
510
602
521
495
130
206
255
96
9
304
185
261
17
210
146
211
5
81
16
625
605
408
12
447
383
358
137
244
39
74
215
542
491
591
353
65
45
309
169
62
407
5
19
17
475
12
202
169
389
65
449
432
358
494
14
586
123
235
235
351
629
614
49
309
449
335
278
185
597
482
314
158
136
230
505
602
507
298
553
348
334
609
169
138
235
548
405
13
418
615
262
331
107
60
10
123
395
589
606
54
288
274
43
292
245
412
341
381
570
358
137
417
270
15
485
25
439
323
318
171
104
18
489
178
8
81
571
433
250
236
304
269
357
566
429
15
288
80
330
159
370
565
201
301
514
404
309
567
442
42
617
553
99
154
607
588
424
447
286
518
421
567
187
265
164
550
379
428
610
517
6
362
287
231
506
34
521
6
13
521
194
7
512
146
481
307
12
25
174
323
300
426
235
524
473
160
277
384
406
246
129
459
235
535
624
634
410
400
588
590
236
4
298
327
591
607
433
581
41
362
235
180
391
358
529
324
138
25
158
364
639
521
570
353
279
138
164
13
352
78
612
242
158
60
553
612
193
78
431
290
312
9
506
169
74
290
611
351
169
556
235
605
315
595
384
601
329
593
107
573
292
429
312
327
19
114
239
211
377
206
117
113
617
310
486
639
304
402
33
566
55
520
373
322
232
87
524
615
153
252
481
268
480
389
242
144
371
595
448
372
48
141
15
248
64
529
65
29
56
496
320
66
466
609
521
622
39
480
293
568
42
65
591
207
398
182
129
495
187
357
81
637
536
489
94
315
479
543
53
292
265
225
43
522
361
503
11
621
429
78
250
460
147
419
410
630
233
537
504
624
583
41
54
104
373
209
143
459
191
24
324
109
303
462
578
310
495
202
211
113
209
315
490
528
626
505
438
368
607
196
413
392
489
56
83
505
482
15
528
176
421
516
566
469
578
2
43
340
252
496
152
481
265
459
631
609
620
9
236
19
187
592
242
513
180
542
104
245
538
268
202
604
481
315
109
505
482
570
429
35
512
130
480
217
334
445
252
239
283
290
640
353
394
581
404
512
387
230
287
123
405
591
42
584
163
28
597
62
582
273
235
192
384
322
13
610
399
8
612
397
516
75
209
406
601
588
235
252
323
473
416
402
86
141
120
365
232
248
451
164
586
203
205
18
145
374
468
208
639
363
637
88
512
54
249
5
164
581
98
315
236
236
627
329
469
17
242
322
577
129
74
477
529
166
57
560
611
594
329
236
67
361
4
605
511
13
272
64
55
479
11
220
12
99
498
102
473
421
483
567
196
527
433
395
267
583
290
489
173
283
193
528
88
180
587
416
364
494
327
258
151
544
386
436
279
407
9
134
419
623
411
567
566
15
206
636
207
375
388
594
473
403
441
605
161
602
624
261
457
449
453
565
629
484
60
583
35
56
415
237
559
567
524
161
616
158
429
240
197
422
529
121
626
48
553
598
278
50
575
485
324
315
637
623
637
230
353
519
159
202
494
473
436
211
180
438
2
566
393
266
128
586
625
208
330
584
462
579
242
292
353
209
239
212
605
515
27
595
310
370
24
161
78
605
602
432
466
495
161
387
155
520
479
404
129
265
15
572
360
18
326
447
237
198
620
579
573
65
154
379
573
481
616
389
292
234
410
40
322
630
293
177
43
500
130
631
466
630
491
333
333
396
88
501
370
266
396
125
193
136
597
112
41
211
361
423
589
78
107
538
573
31
485
344
45
494
252
88
28
305
410
251
605
139
465
371
44
529
576
607
637
164
193
169
258
89
83
524
598
248
101
146
435
337
169
482
209
528
538
625
249
34
562
19
556
217
416
623
205
421
578
406
521
259
635
13
174
606
379
81
386
155
106
611
449
324
123
383
80
48
239
106
327
387
156
43
429
331
39
601
553
67
108
609
1
465
542
634
283
500
108
337
541
208
486
300
476
180
55
505
76
298
483
400
611
78
595
442
579
114
373
544
162
617
567
324
139
337
518
588
14
2
573
118
299
215
633
601
43
78
229
372
81
159
601
79
613
636
514
473
114
620
118
268
583
123
595
223
357
543
245
587
177
215
297
625
104
583
5
556
62
15
48
108
484
181
8
66
366
379
439
54
30
530
119
301
365
14
384
550
265
377
279
587
137
501
591
96
358
48
386
249
325
8
618
85
410
6
379
476
81
342
625
429
178
517
24
159
279
337
104
339
539
605
480
593
248
585
339
405
527
213
521
597
159
594
83
406
573
384
630
238
19
631
566
639
43
631
113
163
379
501
640
297
232
439
198
528
512
320
331
631
334
33
352
119
395
507
567
235
201
180
236
292
106
109
304
154
157
270
387
78
384
442
457
491
64
91
456
624
624
483
429
412
78
522
192
583
232
237
274
337
147
57
290
35
265
205
620
163
527
211
329
232
55
66
156
528
185
493
283
341
224
429
208
571
633
620
96
265
634
8
81
80
63
585
283
448
387
55
296
437
601
168
44
589
637
362
377
34
208
287
176
627
6
229
305
571
437
525
305
267
457
201
55
468
550
639
85
385
193
254
337
162
459
106
451
202
631
270
65
592
519
307
573
43
383
607
65
48
65
71
293
6
270
522
578
435
616
512
370
269
293
542
607
609
430
94
529
140
286
163
146
132
220
27
269
54
538
246
331
124
354
147
96
208
383
350
245
350
435
333
450
293
432
441
98
184
324
32
304
630
90
577
370
290
211
441
187
426
229
618
318
528
217
28
459
520
447
215
522
240
402
324
107
184
624
355
46
78
407
5
489
81
252
6
1
34
596
234
592
211
192
96
181
48
189
13
173
308
164
28
164
437
562
405
182
627
575
602
326
358
578
174
50
76
111
119
636
553
602
98
432
342
312
211
303
71
265
340
358
17
54
543
566
620
98
301
160
489
347
18
132
587
558
358
196
435
187
109
607
637
66
306
501
40
126
269
304
386
256
234
62
579
126
287
433
543
69
587
119
469
27
23
166
479
362
599
395
163
573
391
379
318
412
514
187
63
466
377
6
221
182
432
235
300
589
482
624
33
408
93
631
505
620
261
266
457
78
589
180
19
109
55
628
340
105
383
410
268
242
327
130
418
151
385
258
208
570
480
575
8
41
326
494
98
581
525
570
575
55
217
627
594
65
118
614
79
37
141
15
345
325
180
106
583
593
358
602
611
159
5
1
411
268
416
446
593
244
277
236
72
630
286
290
227
10
81
388
284
473
146
562
96
479
514
438
181
137
103
56
423
393
568
381
47
55
466
403
438
632
537
627
275
433
25
620
54
572
477
344
103
334
94
442
479
266
164
203
18
612
8
277
459
339
601
215
254
636
187
559
505
215
211
232
71
303
140
223
597
429
129
179
435
400
377
622
538
78
321
631
177
53
19
639
168
54
187
513
518
59
329
151
588
565
539
469
520
553
290
437
365
399
156
209
215
619
249
229
605
637
423
232
141
542
26
60
155
55
146
129
182
342
121
138
337
351
185
607
39
146
123
55
14
37
161
160
462
13
543
35
491
394
333
287
598
65
230
469
88
612
139
27
481
617
59
250
469
438
70
616
19
24
236
35
337
196
33
433
505
181
123
54
481
357
439
399
294
370
528
113
267
250
238
351
48
290
373
298
305
609
616
413
631
230
230
35
483
96
639
253
423
268
373
437
315
242
22
326
208
108
516
505
370
107
114
141
66
105
202
71
225
504
134
630
256
394
136
612
537
298
62
507
414
438
103
405
536
377
189
627
1
501
384
315
16
566
201
79
62
239
598
305
232
494
318
370
235
174
602
423
209
542
63
370
230
577
495
193
313
215
609
287
283
575
324
378
470
353
25
457
45
303
479
326
550
337
609
614
33
335
637
215
537
522
149
431
315
138
187
501
562
579
138
293
429
143
594
535
18
601
387
577
230
68
193
385
303
180
220
630
184
78
14
301
521
432
466
466
63
184
418
637
519
639
605
399
383
298
479
507
636
337
159
159
501
315
59
136
229
383
637
209
324
510
327
319
156
175
611
433
376
48
324
634
606
357
322
71
215
119
179
28
399
173
177
384
201
324
358
360
639
536
360
139
106
252
479
315
51
324
421
357
158
169
480
445
326
164
404
384
169
527
266
70
220
119
565
616
479
70
209
505
238
236
606
626
74
637
609
43
50
384
249
604
210
173
158
196
605
52
194
457
358
123
325
386
362
261
129
607
28
539
634
193
379
341
177
535
553
370
303
229
196
324
276
564
565
56
501
517
640
416
536
48
141
55
527
41
525
195
544
386
578
315
74
370
513
286
10
252
625
481
385
274
322
9
631
68
528
154
547
584
245
88
525
173
272
391
419
583
612
146
591
149
130
521
639
56
166
5
523
3
242
434
198
205
241
433
483
495
180
87
209
392
119
55
119
577
1
147
157
623
130
542
340
577
587
340
202
539
152
490
181
242
441
389
154
23
238
145
581
584
419
12
54
71
350
146
524
377
635
65
469
78
14
629
465
303
160
333
474
2
73
12
74
42
322
383
187
357
584
287
137
249
267
413
458
138
322
99
98
556
572
316
6
294
535
268
137
371
610
578
416
407
201
398
187
524
627
180
457
491
111
528
177
25
361
290
106
241
272
484
138
266
609
594
379
93
202
575
553
283
488
505
536
261
85
185
181
194
138
542
416
39
293
81
269
208
206
370
74
243
2
389
266
177
265
510
193
436
269
45
564
609
142
90
326
521
507
177
310
25
54
98
301
320
334
601
612
630
586
451
108
6
535
393
410
512
504
637
140
566
520
239
586
177
304
326
396
281
66
439
41
562
237
303
455
383
290
623
13
501
104
118
122
352
372
413
468
324
237
352
232
174
428
14
387
384
593
512
536
591
143
415
439
501
53
496
6
419
81
605
269
407
546
94
297
186
583
54
373
629
607
166
583
119
314
623
161
307
25
623
162
362
573
185
173
220
165
81
624
604
64
606
192
378
444
436
314
27
481
201
396
491
266
518
178
394
439
104
180
553
133
223
206
370
215
88
607
471
304
162
441
449
205
125
62
224
181
203
377
177
323
530
269
637
68
372
96
36
337
155
287
517
158
496
458
373
494
156
34
19
196
573
71
252
364
381
393
607
81
138
201
143
568
501
303
53
347
608
395
54
636
408
394
347
377
305
554
29
484
581
64
266
54
451
519
623
634
270
542
182
480
78
534
573
489
483
108
394
501
419
361
370
438
445
411
480
519
61
399
400
54
302
304
5
261
55
33
279
43
332
281
550
536
137
49
436
347
370
606
393
27
158
578
505
294
85
242
59
317
229
457
146
169
529
517
607
432
566
604
357
329
297
166
393
201
134
575
530
269
14
610
362
239
383
11
163
35
314
451
63
568
215
175
178
592
553
556
435
39
384
4
161
411
338
489
628
607
504
201
268
512
19
477
512
138
25
380
363
479
573
421
90
337
597
439
595
202
70
254
542
319
77
290
620
326
195
501
624
438
630
636
479
479
604
343
419
31
295
122
103
566
458
147
407
267
436
67
378
15
220
227
294
26
232
385
479
483
208
442
583
620
605
629
620
208
352
514
123
526
119
290
307
442
173
538
35
210
98
160
491
27
386
123
362
617
371
298
342
196
166
239
187
538
43
481
480
612
432
103
235
503
501
630
398
631
633
119
242
530
430
395
146
370
203
441
493
387
147
223
88
479
592
351
290
104
337
544
408
185
307
25
623
223
353
139
138
432
13
481
33
322
267
208
201
388
220
581
467
233
173
266
215
347
553
70
88
433
562
315
604
598
196
378
182
245
48
405
562
304
415
118
47
550
242
246
594
441
561
637
23
574
440
438
146
578
35
138
94
323
438
598
208
626
162
518
169
235
40
496
304
301
495
364
234
573
410
416
106
559
88
304
439
271
303
499
81
436
265
412
607
358
119
362
225
573
42
155
585
230
6
155
274
306
177
607
553
201
384
189
501
230
13
606
274
628
360
298
597
230
334
334
177
597
572
303
48
538
334
180
535
602
245
48
88
55
595
620
496
265
158
158
55
48
223
83
597
484
261
220
405
479
376
288
394
14
118
283
413
245
81
76
116
388
459
433
494
81
211
54
322
583
208
415
25
13
267
62
229
102
47
229
426
290
588
68
523
358
491
39
368
593
191
66
528
553
322
248
391
486
496
63
288
514
310
337
250
415
215
527
425
236
43
334
562
287
495
571
163
245
34
556
320
320
501
338
540
326
527
538
531
309
504
368
220
22
553
89
386
274
585
631
324
542
261
567
78
585
124
337
583
138
304
85
584
173
631
268
365
307
3
136
1
610
387
14
562
63
71
610
137
290
567
598
352
63
236
201
375
40
398
48
329
606
34
107
562
607
44
48
233
423
606
375
261
39
293
242
451
442
309
448
528
310
422
12
32
344
364
637
367
415
493
288
174
13
181
525
450
244
477
408
489
175
322
399
161
56
113
157
533
387
360
33
178
140
398
174
403
426
281
166
266
235
408
27
18
261
394
494
158
286
602
501
142
164
407
630
473
71
118
78
63
210
605
415
315
306
331
511
432
380
626
415
162
577
156
88
283
5
205
640
536
482
598
108
72
209
310
29
528
13
44
337
294
220
230
240
410
466
26
457
204
396
159
66
405
267
616
297
459
18
146
154
180
104
41
399
573
133
338
469
123
566
225
143
201
145
301
185
12
28
469
378
624
616
88
229
34
3
464
182
291
177
288
66
550
146
235
316
405
387
196
6
91
254
83
93
138
107
96
394
433
242
173
27
312
634
477
397
85
327
5
606
515
589
2
94
205
290
494
398
535
293
462
636
19
78
287
102
265
353
469
270
352
628
265
96
598
15
160
93
162
11
47
57
594
68
109
315
553
584
235
30
250
539
428
215
189
265
596
347
634
213
62
79
547
501
266
277
358
578
60
25
483
83
491
524
365
169
65
34
572
370
634
279
517
419
479
229
11
630
35
288
289
258
244
595
517
431
158
419
119
96
570
347
33
49
65
229
235
267
601
159
62
470
422
607
433
165
78
15
239
236
211
520
457
575
507
81
66
465
584
386
624
417
239
612
442
10
465
322
337
457
383
329
483
272
405
518
136
357
484
314
8
423
169
40
30
614
166
487
469
410
629
479
366
492
418
166
588
481
310
353
494
202
41
483
268
352
362
59
197
447
399
417
604
273
376
166
88
520
469
531
43
391
609
211
514
606
481
114
185
493
422
624
187
179
241
178
370
609
636
509
483
507
387
538
274
187
17
28
161
436
538
395
423
337
384
342
187
228
556
236
193
419
606
609
81
267
160
598
248
517
281
310
565
9
452
164
354
146
235
631
230
205
158
45
244
568
37
604
315
405
529
310
43
244
406
407
304
423
17
553
109
312
236
624
553
329
459
266
2
25
458
565
5
235
614
495
611
239
66
71
206
565
512
359
185
609
246
225
633
529
465
402
74
625
138
370
550
584
309
624
345
530
370
196
504
394
294
507
536
347
454
457
411
521
43
98
162
180
513
119
249
324
235
394
290
245
109
393
529
361
130
344
406
217
267
531
77
8
78
524
598
347
412
567
321
119
519
571
254
220
586
266
179
48
470
429
552
313
551
602
115
559
631
412
439
253
607
18
207
421
144
529
558
329
136
320
76
94
197
576
495
352
587
554
522
303
195
529
597
235
357
441
572
358
55
441
385
352
339
164
322
344
570
140
607
437
45
474
602
594
185
206
151
339
527
419
213
129
78
65
586
639
412
443
370
264
603
243
624
53
509
293
375
28
592
18
504
238
620
359
315
203
554
211
3
265
526
250
229
482
293
98
523
500
35
437
230
252
172
233
158
273
166
257
394
594
248
570
590
48
245
527
310
180
262
9
102
423
18
407
573
586
158
484
158
87
361
310
351
231
152
205
631
557
342
322
373
78
616
303
556
551
599
567
612
454
445
388
576
528
140
245
201
589
265
396
130
489
208
620
298
547
123
581
394
635
504
201
138
161
90
107
535
239
302
52
373
118
532
401
558
487
481
588
344
290
459
558
616
126
497
593
486
523
221
10
169
217
633
611
27
304
368
410
160
261
54
480
8
156
394
521
163
538
266
147
65
634
236
103
261
143
90
411
292
362
283
482
61
309
568
35
270
86
481
235
118
448
90
205
624
137
445
362
387
166
89
13
339
565
522
575
425
211
583
520
149
172
487
412
87
616
565
617
96
180
154
591
415
365
419
241
130
349
163
12
133
494
407
187
373
104
303
337
210
570
484
538
249
236
141
249
636
82
173
44
609
624
358
178
637
412
469
412
607
583
553
118
242
368
625
263
413
140
433
54
586
329
370
527
178
54
208
640
48
631
152
531
606
254
598
361
575
62
164
554
581
59
80
630
205
584
419
353
91
353
370
527
429
622
15
42
304
261
106
6
556
570
636
124
602
417
347
323
389
583
187
415
370
113
362
35
505
277
520
501
584
626
440
254
174
491
640
41
358
60
617
630
529
628
399
392
175
106
324
395
201
43
342
80
242
250
489
99
377
520
185
279
109
618
143
13
235
623
597
347
316
262
607
235
396
482
292
627
55
407
606
324
173
322
5
181
586
45
512
320
211
423
634
587
593
88
194
298
189
528
19
93
27
310
119
16
211
184
441
19
475
629
126
250
486
63
320
342
89
63
360
56
421
592
203
259
34
230
556
499
254
380
83
147
405
608
640
241
495
137
398
254
54
90
358
25
393
324
383
187
151
200
160
352
457
496
587
501
368
404
156
626
236
205
99
584
81
602
117
470
122
384
266
504
423
630
139
587
566
108
315
235
325
29
281
254
523
630
9
274
306
536
249
579
383
258
106
206
72
79
562
359
303
481
501
481
624
55
265
238
458
273
542
429
56
490
578
161
358
324
235
106
458
341
444
565
201
266
587
16
417
322
31
220
169
221
636
112
159
584
562
96
252
333
15
357
79
283
55
611
505
213
345
373
56
557
383
431
352
391
108
623
265
232
432
138
403
520
158
397
421
288
396
180
78
616
539
94
50
528
96
466
129
187
169
611
519
410
575
528
399
439
542
531
144
407
184
587
249
436
34
491
12
37
347
93
177
48
109
528
41
113
261
614
266
192
42
566
596
581
67
192
45
517
81
33
113
609
394
360
610
205
326
630
217
201
561
381
386
605
630
166
404
85
169
556
79
65
591
40
66
236
365
500
400
495
85
321
213
378
357
315
174
132
581
320
449
331
344
102
29
239
454
292
524
268
327
143
179
632
244
362
68
93
346
340
269
353
107
544
483
573
196
120
588
314
15
15
179
133
208
631
318
48
496
607
616
484
34
377
566
624
612
383
531
201
595
342
292
605
11
70
230
104
283
637
477
287
370
227
213
491
416
398
261
607
46
203
25
120
550
242
290
138
567
507
131
166
459
235
496
578
539
118
290
185
347
439
573
469
433
55
473
286
119
400
506
626
245
469
137
331
235
556
482
56
169
372
85
209
384
106
211
158
437
637
19
337
229
85
401
357
79
111
44
107
209
215
56
504
302
205
591
19
163
575
527
639
626
611
491
586
570
581
189
169
152
354
187
15
81
449
353
472
176
342
163
307
62
30
525
68
468
520
235
500
55
514
27
245
26
2
211
556
553
215
287
558
501
404
54
141
287
231
514
376
54
151
408
310
504
481
392
636
370
531
586
415
119
301
606
319
385
432
504
177
35
609
517
422
595
220
187
169
573
41
381
155
388
115
286
143
581
146
418
615
93
291
45
319
341
266
488
500
510
298
139
626
637
400
25
507
206
568
337
59
568
24
365
86
223
393
141
593
209
154
337
48
54
520
306
256
6
245
59
32
159
457
189
62
632
360
469
247
344
457
597
546
45
526
482
542
429
198
620
520
292
330
231
115
24
119
532
59
48
229
583
429
261
259
239
442
98
50
586
10
343
496
407
215
126
438
206
324
352
36
574
413
119
56
19
501
242
496
49
559
158
597
190
83
254
438
399
317
606
521
435
163
384
473
368
252
286
185
375
549
327
384
489
81
353
164
105
83
43
602
220
391
473
550
402
196
187
484
266
350
423
615
482
57
211
187
205
542
265
612
203
442
602
489
401
582
341
273
108
35
531
81
284
72
18
479
123
78
104
489
34
286
145
173
36
35
601
169
587
577
370
473
252
520
529
432
320
315
127
164
239
620
631
333
481
587
482
402
523
41
215
328
254
373
10
514
85
421
205
279
113
136
65
611
268
252
377
518
433
399
623
315
595
507
301
242
353
74
450
59
205
517
634
485
113
489
237
174
196
609
377
140
538
501
601
206
640
432
86
23
397
483
599
417
104
634
586
373
86
571
509
577
166
235
15
495
381
49
209
601
102
501
384
562
131
370
206
301
504
185
484
595
637
398
258
587
609
573
233
322
4
96
339
135
485
235
383
290
201
371
405
384
55
383
571
451
328
244
232
486
481
74
624
239
629
501
361
425
434
113
205
595
231
331
386
573
10
72
508
205
612
265
607
211
200
183
493
37
303
71
252
281
573
618
1
637
235
512
57
334
411
337
630
292
237
631
211
235
490
383
517
45
419
457
83
10
71
535
210
102
107
553
11
50
127
287
189
175
585
57
375
441
1
48
513
421
410
501
556
31
138
637
56
552
99
137
564
209
327
279
429
175
294
407
121
637
230
201
151
451
583
198
31
459
575
266
17
175
19
201
626
637
531
405
581
593
488
221
62
556
248
556
81
94
344
266
122
244
164
363
501
161
231
524
45
174
353
118
217
630
169
5
620
196
143
631
7
169
220
159
178
179
72
187
477
118
238
454
439
466
230
307
49
286
129
252
374
421
78
353
261
23
272
594
266
196
385
73
236
416
309
538
575
528
636
215
154
246
196
43
466
453
595
165
444
19
238
26
349
10
368
42
339
438
146
504
102
78
469
337
290
625
567
219
524
210
327
606
9
181
589
77
423
196
161
637
44
309
594
385
607
39
324
237
488
622
525
433
267
387
125
78
531
143
568
174
585
315
531
597
180
233
372
561
489
244
441
454
329
301
191
273
137
341
169
303
483
575
378
589
202
601
305
200
76
255
63
344
158
486
620
578
614
201
330
111
637
27
245
432
522
553
265
137
25
233
144
592
365
4
521
494
423
411
166
158
362
179
161
457
315
172
469
529
6
310
44
250
387
19
516
366
480
421
531
303
173
282
223
495
286
205
361
8
520
265
527
252
604
566
267
230
575
563
384
88
523
581
342
163
516
375
313
564
62
48
292
48
605
244
230
35
449
494
66
523
80
584
519
1
481
459
548
320
47
40
206
441
66
16
573
353
309
583
597
159
357
383
436
78
290
528
525
421
583
518
534
109
525
480
28
294
347
429
324
604
528
182
39
17
205
523
86
55
315
513
266
342
626
43
250
277
570
512
215
249
203
175
476
259
598
619
158
322
536
607
623
617
33
48
164
287
587
41
405
48
573
303
494
371
483
629
385
53
617
213
267
92
459
184
260
101
391
583
86
74
119
520
612
207
583
5
187
384
210
262
64
236
422
571
230
299
18
72
536
202
496
410
403
411
513
538
237
158
263
637
536
525
31
209
439
598
28
407
466
201
433
1
292
55
519
283
618
395
273
399
397
319
209
370
28
473
521
351
429
211
496
54
209
412
340
491
209
450
385
556
495
624
46
175
578
631
232
287
202
114
283
457
466
578
577
314
130
396
535
6
160
205
107
340
578
626
536
620
39
178
429
121
119
505
94
473
570
331
522
386
477
63
487
372
607
592
544
577
529
633
402
488
290
415
167
388
221
331
209
47
606
48
6
217
449
324
480
324
292
604
14
318
21
626
102
344
181
184
573
575
402
517
166
270
94
454
441
481
529
604
14
562
59
607
413
179
494
589
385
483
5
405
550
344
233
315
96
553
628
528
542
431
198
283
288
512
426
217
137
30
636
539
327
595
206
66
345
305
326
205
391
59
438
341
375
201
187
66
527
242
436
33
313
117
174
109
362
377
22
22
421
565
583
215
215
211
487
252
147
65
28
18
64
483
575
230
344
137
81
518
173
12
396
438
525
123
507
256
79
614
13
329
325
353
370
74
632
535
325
556
183
559
265
213
102
28
263
373
184
411
483
496
215
220
479
399
108
55
143
456
232
519
197
476
620
65
86
443
631
496
242
568
152
519
429
126
473
363
487
22
15
447
185
106
146
393
432
324
14
270
44
531
417
489
320
609
354
7
166
237
531
96
624
364
315
342
94
236
636
98
31
313
606
393
87
640
348
537
186
405
573
242
71
254
358
517
132
324
129
366
542
141
382
248
109
81
510
248
215
88
459
25
55
261
558
77
6
441
55
415
497
175
565
265
544
573
487
394
108
572
395
193
187
310
518
265
151
614
587
589
342
333
519
433
407
619
477
290
94
533
288
561
412
286
435
98
398
303
253
293
549
319
454
506
564
331
323
182
449
173
323
304
15
129
1
383
19
522
112
17
222
605
211
384
169
544
288
83
630
353
196
495
628
597
45
281
252
307
415
364
394
307
303
279
521
550
68
405
254
198
433
524
466
611
192
572
283
307
457
153
322
209
523
304
107
175
232
437
245
65
274
276
588
233
625
554
185
310
384
513
197
266
482
104
529
5
327
119
159
246
605
10
394
329
626
152
370
41
156
531
381
213
254
449
345
261
259
180
637
193
68
226
416
633
130
508
439
85
416
306
473
301
88
159
415
360
530
595
394
583
315
450
451
597
341
538
624
371
249
361
519
27
479
49
268
270
209
146
496
626
474
347
177
630
625
90
44
584
386
529
175
573
298
322
121
225
30
326
396
339
268
65
634
501
185
268
209
587
392
65
631
27
253
528
267
34
577
529
334
50
315
241
258
524
422
435
384
439
349
571
591
529
384
108
357
542
190
408
6
303
25
35
614
81
454
43
412
159
483
377
577
416
454
493
311
117
556
586
304
249
636
523
143
553
486
35
441
81
408
627
42
411
438
318
396
56
401
107
109
55
588
443
530
143
639
575
549
20
5
352
196
57
588
268
83
436
60
245
337
286
542
28
441
99
556
518
267
383
138
415
139
28
208
182
204
437
265
160
462
619
577
315
126
519
161
230
612
553
462
373
101
636
404
25
529
169
402
88
594
85
581
220
616
173
236
141
490
159
102
408
525
416
607
601
166
68
235
361
177
314
51
57
324
616
344
529
100
34
87
195
143
298
74
627
169
180
407
152
334
439
106
596
113
561
624
179
16
466
29
497
386
619
351
323
284
481
342
318
446
545
569
513
536
606
542
376
505
174
70
81
320
352
157
309
587
320
434
143
48
468
209
261
487
239
136
394
593
74
56
142
525
206
626
626
620
382
303
139
405
288
208
384
429
607
496
284
521
54
519
406
235
404
593
26
529
362
201
609
123
469
102
68
159
143
265
152
609
454
542
169
347
560
230
634
149
45
96
96
143
199
281
19
612
519
215
49
480
305
477
140
331
379
68
27
625
281
385
62
32
146
69
361
145
529
624
65
454
290
402
574
529
601
372
88
529
604
454
609
334
433
479
121
606
146
19
245
437
446
290
474
523
84
408
367
161
339
619
17
512
373
39
542
373
506
505
371
123
631
187
297
479
44
559
139
85
24
328
536
298
540
525
83
106
269
466
175
179
60
592
160
521
564
529
139
620
408
418
405
252
87
191
324
8
310
542
246
520
166
256
174
527
488
325
358
108
18
81
454
481
217
583
240
261
63
200
211
167
362
518
573
320
123
439
163
143
585
239
146
370
22
295
293
585
227
611
387
436
266
34
250
324
527
32
496
351
593
185
126
419
566
178
381
53
630
249
457
274
482
137
437
553
593
185
618
589
190
432
177
169
544
245
226
520
419
333
36
536
279
178
487
25
441
188
178
14
71
528
241
472
402
178
430
524
349
220
115
43
521
90
80
638
616
393
337
197
353
42
551
181
83
244
618
368
524
416
89
616
130
620
68
465
310
333
375
592
583
329
334
550
326
119
384
119
423
304
63
184
528
313
54
24
266
189
416
181
163
404
536
626
181
553
362
624
85
362
146
550
166
151
634
405
432
43
410
481
267
439
575
344
241
610
495
271
327
342
160
78
220
589
333
139
393
603
523
226
242
431
97
512
336
41
525
522
136
449
93
340
187
177
449
78
481
252
501
388
634
370
55
119
410
425
238
512
412
301
575
383
265
614
393
466
138
416
330
517
560
215
268
351
315
599
590
387
119
60
604
362
78
601
5
177
45
337
407
118
479
12
48
114
90
65
10
198
507
474
439
3
486
327
35
252
245
235
161
8
446
229
556
322
273
508
442
48
523
324
334
416
174
353
528
265
211
151
267
635
337
13
65
64
591
209
565
454
126
539
9
480
147
230
129
309
151
2
319
587
332
109
507
21
239
525
141
607
354
62
117
555
245
88
352
411
78
301
607
607
480
5
220
512
244
55
39
375
606
572
573
145
63
314
322
167
627
96
595
586
14
238
49
637
71
457
157
47
365
230
352
361
436
586
98
98
606
522
109
460
39
400
94
525
40
174
242
393
65
51
375
429
602
124
55
485
31
211
2
577
352
209
301
437
544
24
266
611
605
267
118
383
637
183
436
405
504
419
480
232
528
219
607
483
83
384
411
629
22
181
501
375
175
233
459
553
614
32
425
578
166
121
298
333
528
366
589
178
180
473
213
28
43
315
342
584
562
573
102
496
108
286
137
408
115
595
333
176
252
559
610
408
187
82
171
358
310
238
45
489
185
66
333
361
54
403
99
129
365
484
383
538
86
322
365
201
325
233
413
179
407
315
81
609
267
357
141
404
496
8
519
225
177
155
586
66
410
102
521
382
88
209
292
423
389
587
309
80
530
198
159
42
528
384
477
513
438
4
230
279
12
405
531
466
583
441
479
554
108
59
473
611
43
403
87
402
143
489
457
208
22
553
233
10
368
329
114
207
628
245
375
43
326
235
2
315
140
106
327
525
602
586
235
583
530
279
32
416
394
416
270
491
220
87
599
120
557
139
401
179
66
462
305
137
529
293
370
59
357
514
473
303
402
268
81
429
357
323
620
395
227
17
422
27
266
9
439
363
111
525
357
572
182
407
340
159
362
9
533
166
437
273
50
397
138
529
586
489
438
301
30
151
337
595
6
344
472
384
613
71
510
108
556
509
17
522
571
385
341
327
269
529
292
230
151
81
106
454
248
327
365
577
405
208
263
217
408
322
211
486
250
150
155
88
187
331
159
45
208
599
380
224
30
455
556
1
239
501
310
473
293
380
265
538
384
525
379
166
8
459
342
25
570
78
450
429
261
220
537
637
229
378
249
410
334
339
457
506
368
327
521
388
411
539
196
202
28
556
324
28
353
229
248
347
130
381
107
149
606
445
397
333
512
536
43
203
544
172
497
410
108
89
162
266
623
290
78
281
162
383
159
529
26
562
82
129
59
164
178
123
501
201
602
17
605
215
601
201
632
528
567
119
573
361
396
634
29
339
504
165
189
629
347
107
506
495
208
542
120
588
601
55
482
166
471
578
394
152
258
129
612
347
565
56
631
43
581
28
57
634
117
450
598
627
59
303
446
34
65
577
620
288
129
186
451
6
634
244
405
624
140
607
347
311
639
85
211
55
329
333
41
322
49
362
209
237
146
560
166
581
459
408
640
422
438
423
176
290
458
41
47
4
559
138
416
286
130
122
559
86
265
125
230
68
275
83
575
55
98
622
446
529
340
480
447
310
177
418
78
387
323
104
328
570
437
485
389
43
267
421
26
265
191
528
551
185
8
36
474
589
6
136
266
229
558
358
536
206
59
578
102
415
369
407
173
211
225
290
583
387
378
624
376
173
102
535
426
45
472
630
543
341
59
372
33
611
639
163
412
66
89
454
268
435
1
208
5
294
140
19
473
244
409
167
358
370
586
13
201
74
501
561
34
525
239
232
54
242
158
180
169
496
536
193
236
432
381
416
589
357
274
73
394
440
587
173
65
93
155
331
172
591
90
351
384
220
174
163
598
215
538
441
387
96
351
384
268
107
473
329
398
144
164
340
529
412
167
518
45
491
63
385
8
115
192
298
5
47
250
429
210
481
441
55
140
438
623
102
66
394
559
30
550
398
265
98
230
507
326
132
204
272
314
602
412
334
384
281
523
480
173
537
88
44
466
358
166
280
22
495
518
266
465
71
426
405
118
549
452
66
429
229
83
566
129
389
383
405
176
244
143
573
566
512
530
307
620
556
477
239
78
178
5
344
575
435
385
232
138
572
230
89
26
337
84
538
501
77
235
503
93
510
518
491
89
62
295
517
164
318
100
468
422
536
487
287
62
372
27
185
407
571
360
236
137
108
242
155
578
290
10
628
538
441
81
550
320
2
164
252
253
203
303
123
610
322
589
636
501
106
528
17
11
298
202
169
637
25
544
441
220
344
158
608
322
618
267
421
469
591
342
378
203
94
331
419
412
433
152
215
160
253
527
172
604
344
368
19
286
493
164
108
83
340
246
429
344
60
177
288
564
566
485
631
252
43
447
177
78
430
340
438
550
10
560
629
241
113
466
59
370
138
404
66
527
252
213
636
233
28
15
304
99
233
485
164
288
215
283
159
559
357
211
625
441
429
146
139
242
115
127
196
309
550
43
339
504
438
587
244
624
161
253
12
180
573
375
190
180
536
562
54
482
15
96
320
205
229
99
31
363
191
233
88
279
213
378
192
324
42
480
588
209
90
1
421
15
436
573
88
457
160
524
287
155
83
522
272
54
357
485
388
230
537
268
350
88
11
586
496
447
439
245
254
567
48
403
229
324
573
565
429
34
482
527
384
351
56
431
98
606
607
324
147
180
449
180
419
616
396
118
486
614
306
588
629
517
385
637
151
155
307
5
48
318
49
179
443
181
559
473
306
611
30
294
628
164
310
612
13
470
235
432
105
277
194
54
383
17
261
6
587
528
405
528
482
463
383
230
68
554
98
173
605
162
530
472
1
230
55
362
556
236
318
333
517
395
433
319
273
166
227
129
342
347
49
432
325
267
175
13
501
634
88
433
252
329
140
627
525
34
41
524
575
34
379
66
209
466
611
201
363
138
538
466
100
485
558
601
575
2
527
421
597
628
411
397
358
592
152
288
501
451
520
322
108
537
635
297
254
179
73
26
417
480
405
626
95
627
393
360
178
553
54
606
145
459
143
45
298
525
406
601
320
237
387
419
193
73
570
416
357
584
161
572
181
102
322
630
588
369
251
9
78
399
523
606
353
365
397
304
158
631
561
187
473
175
385
50
33
79
353
346
107
169
99
553
191
611
512
616
189
538
268
42
71
542
556
539
479
489
483
342
463
583
387
417
185
92
606
484
553
1
173
201
375
130
441
479
501
326
35
229
187
177
231
601
292
351
489
631
449
529
334
22
59
530
85
10
489
302
182
433
479
640
640
248
536
118
91
209
584
634
454
347
25
72
587
118
606
251
594
623
66
19
370
279
606
45
323
278
323
59
465
399
403
353
329
587
200
486
542
139
485
48
252
441
59
369
15
604
379
423
95
505
95
429
407
39
218
591
102
411
54
514
220
339
372
182
409
145
39
146
132
507
609
303
12
536
15
163
103
248
314
80
78
563
530
629
54
294
484
441
20
235
433
270
529
607
267
416
20
597
136
279
466
48
244
370
5
637
340
153
178
334
347
606
489
162
252
54
394
98
637
505
9
83
16
445
254
314
527
292
457
331
583
484
606
357
286
332
415
507
375
242
83
268
90
432
591
232
290
408
239
572
473
527
218
566
454
336
241
14
22
242
482
501
594
130
25
311
320
132
364
65
418
252
501
446
421
404
480
383
412
43
562
286
211
30
451
24
438
55
252
360
201
429
429
565
607
411
493
412
225
560
66
581
249
521
132
370
486
594
442
482
395
414
152
546
183
313
565
109
96
237
419
54
129
185
362
612
292
146
214
384
196
341
298
209
121
587
361
56
313
630
394
586
183
628
238
290
408
618
529
573
514
205
173
25
249
19
566
383
466
49
455
433
387
521
39
528
78
143
627
573
494
85
573
71
25
249
505
230
593
437
164
310
484
209
104
57
286
43
387
25
168
486
288
177
201
469
381
12
378
488
634
180
59
450
466
446
410
433
141
410
324
166
553
631
42
372
287
9
538
617
638
180
518
553
419
96
464
360
107
215
431
563
612
611
505
416
593
219
448
480
220
331
123
294
581
337
50
407
261
78
602
54
479
40
617
244
491
422
304
421
34
449
353
520
239
89
79
398
31
139
398
381
39
525
384
99
303
626
26
277
251
158
249
198
12
211
465
449
429
239
591
483
442
232
479
5
545
158
126
50
626
630
629
601
23
99
438
512
125
181
457
412
402
457
519
337
385
575
525
408
293
55
262
109
412
209
57
209
124
527
166
108
520
376
419
391
381
586
108
462
494
233
164
405
376
597
398
293
119
399
228
265
581
380
237
608
482
267
573
26
152
217
567
578
629
449
283
628
597
201
536
111
454
544
78
94
362
163
36
66
98
408
595
597
96
407
166
640
233
118
431
124
33
574
487
360
263
630
196
586
259
627
560
162
480
453
158
49
611
107
574
162
482
394
60
561
521
321
123
404
365
96
34
143
496
254
493
261
530
304
175
358
35
559
163
201
172
190
229
164
239
528
457
350
439
19
193
402
418
129
517
567
626
314
623
30
479
501
326
129
290
265
65
637
404
394
606
201
500
187
230
159
294
242
159
45
66
512
322
432
441
147
545
520
351
138
522
484
609
627
180
504
187
265
405
494
477
254
570
357
586
196
610
179
472
573
631
456
365
42
101
383
562
238
122
439
410
72
109
383
195
252
585
278
268
353
49
383
287
283
230
90
322
611
417
65
19
197
606
159
405
368
215
5
553
40
6
486
466
561
439
337
405
542
438
570
48
449
19
426
609
235
587
9
47
393
546
135
375
48
531
539
157
118
606
457
178
548
527
433
423
410
529
466
556
421
129
587
88
571
460
191
187
419
297
41
34
45
18
45
149
494
340
59
149
137
23
557
524
429
30
421
54
65
571
594
50
209
158
418
346
426
83
631
118
507
268
550
64
310
598
215
68
119
64
360
434
481
364
83
542
89
158
633
123
407
54
429
303
593
65
121
408
208
160
119
229
74
220
454
141
54
435
266
314
564
167
38
101
578
36
274
304
512
202
234
610
338
237
466
261
372
81
209
9
159
113
457
265
538
199
326
209
220
189
606
253
416
163
136
2
221
469
268
152
425
572
495
559
438
438
261
466
449
597
567
505
85
261
375
457
272
527
124
363
108
418
71
469
574
353
437
35
261
408
43
161
473
595
342
586
601
421
114
473
370
491
40
46
464
304
362
181
233
235
404
395
64
154
118
85
457
137
605
593
531
557
573
12
59
14
633
152
545
160
415
146
429
233
565
301
519
411
217
23
621
408
525
164
181
191
125
366
524
611
418
581
98
87
597
402
637
358
175
540
108
54
201
591
599
72
301
230
268
100
43
543
207
581
43
151
48
240
259
520
292
30
367
324
618
274
379
17
185
93
140
56
260
542
48
637
160
578
351
56
637
209
325
215
290
241
65
266
386
122
265
562
235
136
339
602
394
586
369
357
236
119
490
517
177
236
285
178
527
387
480
601
303
99
411
394
93
544
63
245
193
102
357
106
181
138
245
441
267
324
313
529
357
118
485
522
13
387
514
55
319
146
118
616
154
455
407
63
267
566
314
481
254
371
314
225
610
169
438
22
324
239
567
5
48
405
206
56
334
589
203
542
495
377
55
398
512
556
433
14
205
585
258
626
387
14
369
399
293
244
162
6
500
5
459
483
375
481
8
527
314
340
197
377
387
398
365
93
449
351
533
211
211
487
266
206
149
383
230
266
146
438
201
218
425
476
124
304
457
360
542
315
517
413
122
315
166
416
269
496
608
81
30
598
607
407
450
55
193
86
238
501
324
579
408
525
49
333
53
177
75
395
22
310
194
367
96
387
62
228
265
626
5
473
616
144
379
104
96
484
282
36
231
500
230
160
136
382
30
383
1
616
59
174
367
166
377
367
579
365
583
328
439
473
189
501
48
8
480
357
370
636
121
25
387
245
211
56
403
485
5
56
113
624
481
475
123
575
230
90
536
568
28
454
347
524
448
124
516
342
442
87
377
185
230
289
47
598
452
288
337
16
615
237
59
160
239
543
102
93
191
149
385
347
163
562
449
623
398
602
419
327
394
130
394
587
612
265
432
283
494
616
185
522
114
19
517
27
521
89
393
417
533
454
71
121
344
434
501
404
141
459
49
571
380
15
577
303
524
81
599
370
636
518
208
552
612
169
421
587
370
627
28
631
14
141
54
233
586
439
196
303
372
559
572
412
372
21
494
436
55
459
511
196
194
13
129
624
625
66
63
483
375
23
441
544
281
620
538
98
397
187
477
623
594
480
312
379
494
187
269
185
421
303
451
609
370
320
35
187
265
185
303
12
230
102
384
78
514
405
357
348
388
72
441
577
450
537
616
207
387
230
459
65
594
501
550
594
76
410
288
373
324
136
292
211
439
5
27
433
120
423
501
304
208
575
538
57
589
239
391
623
137
594
535
239
252
342
299
542
353
462
160
161
631
322
514
394
597
12
528
594
286
306
542
423
9
510
545
129
115
266
363
504
572
94
245
531
590
544
562
434
304
438
279
139
231
611
185
9
137
56
145
607
180
55
402
405
575
365
536
93
290
479
158
611
338
519
324
322
164
537
429
439
232
268
288
35
35
407
387
274
599
191
567
535
58
74
19
432
237
178
331
178
16
309
156
193
589
40
542
149
635
537
438
364
609
496
220
139
504
501
250
315
408
542
320
489
417
542
261
225
405
173
174
161
189
372
71
118
545
606
138
181
378
457
89
391
314
501
342
89
529
48
184
215
597
625
500
398
146
160
237
566
77
489
612
361
180
245
401
145
410
200
623
213
400
480
394
624
13
550
405
576
228
43
283
578
107
602
553
30
531
220
238
607
230
489
118
523
126
328
347
239
513
39
30
12
387
516
201
636
166
437
520
601
565
525
349
187
586
207
303
1
182
243
529
322
227
283
586
394
274
94
213
269
496
293
174
597
586
77
288
584
533
261
257
124
637
559
33
301
504
220
309
412
227
565
86
609
588
123
368
230
573
5
556
55
331
6
94
88
230
394
556
160
107
16
518
278
337
237
33
550
181
370
625
370
510
201
469
589
505
338
129
433
169
18
80
637
283
333
479
617
564
275
262
357
416
1
607
514
479
107
634
131
614
303
362
138
345
277
35
261
623
215
429
1
96
181
542
338
75
261
504
166
315
12
312
542
402
535
12
78
16
595
592
408
86
205
1
215
616
267
529
230
33
469
436
151
631
415
55
118
592
249
90
116
114
575
259
451
357
624
303
307
81
370
258
15
514
251
528
513
180
561
412
583
337
256
405
232
405
504
479
81
219
138
466
81
620
178
393
138
404
550
361
432
627
274
584
191
25
528
266
30
250
479
27
473
81
384
42
133
517
45
365
404
115
145
71
65
249
236
48
307
35
442
624
357
99
402
90
230
387
268
266
215
514
83
265
233
323
332
401
200
71
520
6
267
436
487
304
429
567
119
500
66
370
81
121
482
362
6
616
81
15
472
466
404
27
59
589
63
81
54
286
606
614
400
571
416
433
386
18
122
553
398
606
259
45
10
108
471
617
320
207
146
73
407
194
239
304
441
584
365
74
320
526
269
338
292
15
59
567
440
293
122
556
290
48
172
539
265
193
324
551
381
210
337
519
106
208
531
542
618
405
587
189
630
454
448
403
96
458
587
204
539
339
123
583
66
639
220
2
201
398
636
33
90
523
302
469
529
27
550
598
155
523
154
25
63
592
451
53
607
399
208
11
157
132
93
80
477
294
320
96
535
57
619
65
265
93
164
385
399
156
533
301
469
294
441
166
501
68
118
374
495
412
32
448
357
39
451
143
347
340
354
410
306
138
95
50
6
149
398
309
326
107
556
41
175
631
571
185
524
303
5
415
78
108
124
90
479
583
119
531
239
627
369
236
229
293
207
83
333
639
82
626
351
457
56
607
124
583
209
137
325
322
62
416
1
308
387
287
48
251
623
474
500
485
19
66
161
190
38
490
331
223
172
246
432
421
429
119
158
636
399
399
618
14
357
230
262
334
459
508
337
607
249
310
542
416
424
249
225
205
614
32
362
536
201
102
612
601
387
433
332
466
118
640
11
573
43
404
504
517
244
586
13
497
322
517
237
375
71
492
481
410
81
235
433
119
177
405
313
448
165
304
15
584
187
320
610
239
163
177
287
93
607
106
98
542
206
604
179
12
473
235
79
593
269
454
281
187
586
568
433
394
439
265
2
309
433
510
491
370
98
254
610
361
68
48
529
361
477
584
523
606
344
583
412
146
205
494
138
374
305
173
577
330
558
552
607
404
293
340
626
505
320
589
147
586
215
616
347
485
601
597
211
504
578
205
102
587
18
15
119
91
151
484
118
215
64
324
292
598
505
250
169
394
236
207
100
377
531
28
624
45
229
236
266
55
578
405
363
485
210
353
181
6
268
279
634
104
104
636
529
441
65
156
205
208
562
42
5
5
191
525
314
394
605
230
358
608
626
524
19
267
230
185
146
202
393
304
46
