386
33
433
45
309
320
178
265
495
130
206
255
96
9
304
185
261
151
56
146
206
5
81
16
235
237
408
12
447
383
358
137
244
39
74
215
30
491
90
353
65
45
309
405
54
407
5
19
17
475
287
202
169
389
65
449
434
358
119
14
145
123
235
235
383
54
108
49
309
449
335
278
185
293
482
314
169
136
230
152
25
365
27
253
348
483
329
63
138
213
196
405
13
418
184
262
331
107
60
411
232
446
190
484
54
288
274
43
292
245
412
341
381
158
358
137
417
270
15
485
25
439
323
318
171
239
18
489
74
8
81
304
180
205
236
304
269
357
166
429
15
412
80
330
159
370
166
201
301
370
404
309
118
327
42
5
129
99
154
261
77
424
447
286
121
421
14
187
265
164
419
379
428
266
432
429
362
287
231
157
34
487
466
13
43
194
7
161
146
481
307
464
25
174
323
300
426
235
31
473
160
277
384
406
246
83
459
114
172
329
55
410
400
187
232
236
4
298
327
246
85
103
287
108
362
235
180
391
358
85
324
138
231
293
364
178
155
175
77
279
138
164
13
236
78
401
242
158
241
487
28
193
78
431
290
312
9
286
229
74
290
278
432
322
323
235
259
315
309
384
122
329
86
107
412
292
429
312
230
408
114
239
211
377
206
117
113
324
310
486
96
304
402
33
341
55
236
373
322
290
87
163
59
153
252
481
268
480
8
242
144
371
181
448
372
48
209
316
248
64
81
65
29
56
496
320
187
462
232
119
235
39
480
293
242
42
65
429
207
398
182
129
495
187
357
81
261
58
489
94
393
201
1
53
292
68
225
43
466
361
241
65
229
429
78
250
460
147
419
410
417
78
293
99
326
391
411
54
104
373
209
143
459
191
24
324
109
119
462
86
310
495
202
211
113
405
315
490
210
383
416
438
368
147
196
138
392
489
56
83
500
482
15
235
176
41
398
327
412
62
2
396
340
252
496
152
152
265
459
88
81
375
9
236
19
234
439
242
371
180
310
469
132
297
267
277
287
481
315
447
235
482
74
429
35
49
130
480
187
334
445
252
239
283
290
22
353
394
99
309
418
163
230
287
123
405
357
42
106
163
28
180
62
418
273
235
192
384
322
408
132
399
8
126
397
102
75
209
406
113
454
203
252
323
473
416
402
86
137
120
365
290
248
451
164
184
203
205
18
145
374
468
208
252
363
102
258
266
54
249
5
164
201
98
315
236
236
14
439
469
17
242
322
337
211
74
477
312
166
57
39
487
317
329
236
67
361
4
158
433
423
272
64
55
479
11
220
12
99
498
102
473
421
341
184
196
249
433
395
267
293
290
489
173
283
193
261
88
180
457
416
364
494
211
258
151
55
386
436
279
407
9
134
419
491
411
441
327
15
206
35
164
375
388
268
48
403
441
387
454
173
181
41
457
388
453
122
297
484
242
141
35
28
210
237
6
64
486
161
45
211
182
240
197
422
238
121
210
48
44
133
278
50
383
485
324
315
102
483
435
230
353
63
159
202
494
473
225
211
180
438
2
288
393
11
128
39
79
208
330
177
462
235
473
292
353
484
239
212
167
308
190
6
310
370
24
161
78
482
331
432
466
495
136
30
155
66
479
404
129
265
15
62
360
358
326
447
237
198
16
441
375
65
154
161
204
481
72
389
292
234
410
40
290
453
293
327
43
500
130
462
466
296
491
333
333
351
88
213
370
266
324
125
193
136
438
112
41
211
361
423
309
78
107
457
431
31
485
344
45
494
154
88
158
305
410
251
293
139
465
371
44
439
473
238
255
164
5
169
258
89
83
25
43
248
101
146
320
337
169
482
209
85
205
410
249
34
350
19
192
217
416
383
205
421
117
406
432
259
477
13
122
310
379
416
386
155
78
126
449
189
123
365
80
48
239
106
327
387
123
43
432
331
39
245
326
67
108
129
1
465
383
55
283
500
108
337
177
208
486
300
476
180
256
491
76
173
421
400
258
78
182
442
466
114
373
8
162
470
61
324
139
337
408
11
14
2
81
118
299
215
65
333
206
239
31
372
81
159
481
79
81
386
269
473
114
279
118
268
342
123
6
223
357
252
14
481
177
215
297
370
104
14
5
322
62
15
48
210
141
181
8
66
366
379
439
192
30
108
119
301
365
14
384
94
45
377
279
268
137
497
347
96
358
158
386
249
325
8
402
306
410
6
379
476
81
342
360
429
178
426
24
159
279
278
327
339
235
104
480
129
248
25
339
405
339
413
357
296
239
227
83
406
154
384
41
238
214
345
45
178
54
303
113
163
379
104
201
297
232
439
198
109
500
320
331
141
334
41
352
119
395
273
190
34
201
180
236
292
106
109
304
154
157
93
387
78
384
442
457
491
64
340
456
12
238
483
429
412
78
293
192
189
232
237
274
337
147
57
312
129
88
205
54
163
326
476
329
232
211
66
156
13
185
493
283
341
224
429
208
142
1
103
56
265
399
8
81
80
63
233
283
448
387
55
296
54
370
168
44
339
212
273
440
34
208
118
176
78
6
388
305
108
437
208
305
32
457
201
55
468
310
268
85
385
193
254
337
162
459
106
451
202
174
270
480
192
217
66
138
43
383
99
236
139
65
71
293
6
270
249
145
435
500
1
370
269
56
429
283
104
430
202
497
140
286
163
146
268
220
27
462
54
11
246
331
124
354
41
96
208
383
350
245
350
435
208
119
293
432
441
98
184
30
32
121
5
449
19
370
290
211
441
187
426
205
44
318
74
217
28
459
111
447
215
473
240
402
324
107
189
54
355
46
78
407
395
489
81
252
6
1
315
244
234
134
211
192
209
181
48
189
13
113
308
164
28
164
437
112
293
182
169
302
25
326
358
329
174
50
76
111
119
265
189
42
98
432
342
312
211
303
71
265
340
358
378
66
358
129
109
98
301
160
489
347
18
132
326
340
358
196
435
187
109
96
248
66
306
152
40
126
269
465
386
256
234
107
322
126
287
118
395
69
140
236
469
27
23
166
54
483
416
395
163
484
391
379
318
194
201
187
63
65
377
6
221
182
432
235
300
209
482
238
33
119
93
239
449
213
261
266
457
78
399
180
19
491
55
192
340
105
200
62
268
242
391
130
418
8
286
258
208
450
480
230
8
108
326
494
98
495
93
387
230
55
217
104
324
65
331
81
79
37
141
15
345
325
180
106
236
209
358
178
384
159
5
1
411
268
45
446
169
350
277
464
72
473
286
290
227
10
33
166
284
473
192
75
96
479
68
11
181
137
103
56
423
393
315
381
47
55
466
403
287
393
423
445
275
433
25
55
54
322
314
344
103
334
94
442
43
266
164
203
18
126
8
277
307
339
119
173
254
138
187
383
118
215
211
232
71
303
140
223
174
146
272
166
435
400
377
232
448
78
321
244
177
53
405
230
168
54
187
162
60
59
329
244
486
357
358
469
121
466
290
437
365
399
156
209
215
454
249
399
187
337
423
232
141
244
26
60
155
129
146
129
182
342
121
138
122
351
387
217
39
169
123
206
397
37
326
160
462
166
85
35
491
405
333
287
323
477
230
469
370
489
139
27
139
72
59
250
118
438
70
395
19
24
236
35
337
16
33
433
381
181
441
495
481
87
439
399
294
370
261
113
267
250
238
304
48
17
373
298
305
208
500
413
88
137
230
35
483
96
347
253
423
268
373
481
315
421
22
326
313
108
292
488
370
107
114
141
66
105
202
71
225
129
134
198
256
331
136
65
158
298
62
13
414
200
103
315
245
377
189
252
1
397
384
315
16
327
201
79
62
239
265
305
59
494
318
370
235
410
162
423
209
151
63
370
79
418
495
193
313
215
419
158
283
366
324
378
470
353
164
129
45
109
27
326
322
337
174
273
33
335
162
215
179
46
149
431
301
138
187
16
145
410
138
293
429
358
438
322
173
384
387
337
56
68
193
385
303
180
220
236
184
66
301
301
130
432
466
466
185
184
418
181
357
200
203
399
383
298
479
273
334
19
159
159
19
315
360
136
229
383
248
209
324
65
273
319
173
175
24
433
376
48
466
384
34
357
322
410
215
119
179
342
399
81
177
384
229
30
358
231
398
59
360
139
106
252
479
351
51
270
421
357
158
169
114
445
326
164
404
384
334
182
266
70
220
419
13
205
479
70
70
326
238
236
252
370
74
141
114
43
50
384
374
323
210
322
158
196
231
52
194
457
358
123
325
381
362
261
129
56
28
114
412
193
379
341
177
68
244
370
44
229
196
324
276
496
365
56
30
418
11
416
82
48
141
180
134
45
33
195
406
386
294
433
74
370
113
286
10
252
81
386
385
274
322
9
26
68
103
154
494
119
334
88
392
173
206
391
152
326
126
482
253
149
130
55
398
426
166
5
402
3
63
434
198
205
241
433
483
26
180
87
209
392
119
55
119
323
1
147
157
283
496
13
340
117
252
340
202
338
152
490
181
242
441
389
154
480
408
145
396
16
419
12
16
71
350
146
272
377
208
65
235
323
14
28
149
303
160
333
474
2
73
12
400
42
322
383
187
357
370
158
137
272
315
413
458
407
322
99
265
85
386
316
6
294
78
268
137
371
314
195
211
407
201
398
187
48
96
290
457
491
111
415
338
25
166
290
106
241
272
266
138
266
245
342
379
25
202
486
422
283
488
27
206
261
85
185
181
462
138
9
416
39
59
81
269
344
265
370
417
243
2
389
266
410
265
205
358
436
249
45
65
426
142
90
326
292
59
177
310
213
54
98
301
241
334
174
398
262
457
361
12
6
270
393
410
377
357
485
140
369
209
239
485
365
304
326
396
281
75
439
41
54
237
12
455
383
290
12
13
258
104
118
122
352
372
413
468
324
237
352
232
174
428
158
387
384
326
361
342
439
143
415
439
494
53
496
6
419
179
488
269
407
358
94
65
186
141
287
400
177
273
162
310
119
314
88
161
307
17
436
162
138
129
8
173
220
165
81
416
27
64
147
192
378
444
436
314
393
481
201
396
491
266
436
178
65
439
104
14
304
133
223
206
253
215
88
320
471
48
162
27
449
205
125
62
224
238
388
377
177
323
406
269
102
68
372
373
486
337
155
287
457
158
304
458
373
494
156
34
177
196
187
71
252
364
381
393
99
81
138
201
143
161
154
267
53
347
337
395
18
334
408
394
232
230
305
357
29
484
254
64
266
54
451
483
340
242
270
100
182
480
78
33
265
489
72
78
394
99
419
361
370
438
445
411
480
446
61
399
400
389
302
304
5
261
55
33
279
43
332
281
185
408
137
49
436
347
370
358
318
27
158
106
201
90
366
242
287
317
229
500
146
169
378
279
464
432
98
66
357
329
297
166
393
201
134
241
13
269
14
281
31
239
383
11
163
35
314
451
63
161
215
175
178
132
41
465
13
39
384
4
161
265
338
395
440
407
48
443
268
321
19
477
37
138
25
380
363
479
334
230
90
337
55
439
205
202
70
353
59
319
77
290
408
114
195
213
466
438
43
64
479
479
158
343
480
31
295
122
103
45
458
147
426
118
173
67
378
15
220
227
294
26
232
385
202
483
208
283
490
267
195
421
54
208
352
442
316
458
119
290
238
442
173
287
230
210
329
160
491
27
386
123
362
59
371
298
342
196
166
245
187
393
43
481
480
54
432
103
193
334
448
316
230
119
33
119
242
261
430
395
146
370
203
441
493
387
147
223
88
479
436
351
290
104
337
487
408
185
307
25
313
223
351
85
138
432
13
33
33
322
267
208
201
388
220
385
467
233
173
266
215
347
429
70
88
328
54
315
322
39
196
378
182
245
48
405
476
411
423
118
47
489
74
132
43
441
50
31
23
49
440
494
146
301
35
138
429
323
432
370
208
43
162
59
169
235
40
496
304
301
13
364
234
375
410
416
438
249
88
304
439
271
303
499
320
288
108
184
18
358
235
362
225
267
42
155
268
230
6
155
274
306
177
37
118
435
384
189
10
230
13
62
274
111
360
353
265
230
334
334
304
265
218
106
48
500
334
180
387
331
245
48
88
55
98
265
496
265
292
158
399
48
223
83
203
65
261
402
405
479
376
288
394
237
118
181
413
245
81
76
116
388
459
290
494
81
211
54
195
322
208
415
25
34
267
62
22
102
47
435
426
237
307
68
146
358
491
39
368
146
191
66
362
178
322
248
391
486
496
63
278
114
310
72
250
415
405
123
402
419
43
334
422
287
495
122
163
415
34
438
320
320
54
338
39
326
23
62
197
309
342
368
220
22
244
89
386
274
301
48
324
292
261
306
78
119
448
365
35
138
304
85
407
173
383
321
462
307
3
292
1
387
387
14
274
63
62
176
137
290
432
298
352
387
236
201
375
40
398
42
310
407
34
391
497
85
44
48
315
423
85
30
261
39
293
201
451
442
309
448
222
310
422
12
32
344
256
438
364
415
493
480
174
292
181
479
450
288
477
408
440
175
49
399
161
56
113
157
387
387
360
33
178
497
398
174
403
426
281
166
283
235
408
27
18
261
394
494
206
286
466
123
142
114
381
5
473
71
235
78
209
210
77
130
267
139
331
306
432
380
42
415
162
102
156
88
283
395
96
353
403
482
163
108
72
209
310
29
159
13
44
337
449
208
200
240
410
466
26
457
204
396
159
66
405
267
290
297
459
18
146
154
122
104
41
399
185
133
338
469
318
421
225
143
232
145
301
185
30
28
278
378
485
185
88
229
34
3
464
182
291
177
288
66
487
146
14
316
405
387
196
6
91
254
83
93
138
107
96
394
433
242
173
27
33
375
477
397
85
39
5
457
138
489
2
94
205
290
494
320
310
293
462
103
19
78
287
411
265
35
469
270
352
106
265
96
397
15
160
93
162
11
47
57
268
68
34
42
202
416
235
30
250
181
428
215
162
449
85
347
441
213
326
79
151
473
266
277
358
306
60
25
483
1
491
211
365
229
65
34
381
370
45
279
174
419
43
315
11
439
35
288
289
258
244
6
497
431
158
419
252
146
236
246
33
49
65
118
235
267
63
159
358
470
422
352
433
165
78
15
239
236
211
156
209
206
261
449
66
465
266
320
68
417
239
393
442
10
465
322
72
210
383
329
483
412
405
445
426
357
389
80
8
423
139
40
30
489
370
487
433
410
174
479
366
492
418
166
281
152
310
353
494
202
63
283
268
352
362
178
197
447
399
417
78
273
376
166
88
371
469
287
43
298
419
211
357
85
481
114
185
493
422
213
187
179
241
178
370
136
359
215
208
65
387
42
274
187
17
28
161
436
16
395
423
337
384
137
187
228
229
236
193
357
378
288
81
267
160
90
239
85
281
393
160
9
452
164
354
415
149
252
230
205
158
45
407
500
37
220
315
334
15
310
43
288
406
407
304
423
17
108
387
312
236
364
41
341
459
266
2
445
458
312
5
235
114
495
114
239
66
71
185
421
445
359
185
151
246
225
276
413
465
402
74
250
138
370
489
351
309
249
345
301
72
93
428
394
283
429
457
347
454
457
411
99
16
98
162
139
265
119
249
324
235
394
16
245
109
393
55
361
239
344
406
217
45
477
77
8
78
283
386
403
412
182
321
119
63
19
254
440
118
266
179
48
470
429
272
313
163
433
115
454
370
412
439
253
344
139
207
421
144
18
500
329
136
320
76
94
197
473
495
352
237
102
48
303
195
2
56
235
357
441
65
358
236
293
385
23
339
164
193
344
145
494
119
437
45
474
227
63
185
68
151
476
419
419
412
129
78
65
266
180
412
443
196
264
158
243
42
53
126
481
375
28
408
18
400
238
229
359
315
201
362
383
3
265
184
250
229
166
293
98
402
500
35
437
230
266
172
233
158
273
39
257
394
469
248
211
352
48
302
206
310
436
262
366
102
423
18
407
379
114
158
484
158
87
361
310
351
231
99
205
123
334
232
322
373
78
411
303
425
416
132
66
366
454
445
388
233
181
180
245
96
328
265
396
130
489
397
285
298
322
123
361
342
232
43
201
138
161
6
107
290
239
302
52
373
118
49
401
325
487
481
457
344
290
459
40
209
126
497
426
486
12
221
10
169
217
50
361
458
304
368
497
160
473
237
480
8
27
30
71
96
177
106
147
55
123
236
103
261
143
370
411
292
362
283
482
61
309
242
35
270
86
481
290
118
448
90
205
268
137
445
106
387
166
89
370
339
186
166
239
425
211
497
429
149
172
487
412
87
244
55
201
96
337
154
233
415
365
419
241
130
349
163
12
133
494
407
146
373
375
303
337
210
292
484
185
249
236
405
249
383
82
173
44
25
195
358
178
292
412
469
412
326
395
88
118
242
40
267
263
413
140
433
54
109
329
370
477
178
200
208
166
48
44
152
55
126
462
370
361
54
62
164
152
375
59
80
109
205
64
419
353
91
353
370
457
429
205
15
309
304
261
106
9
35
6
381
124
254
417
147
323
389
102
187
98
370
113
362
35
98
277
292
102
152
10
440
254
174
231
163
41
358
60
278
119
163
90
399
392
175
106
435
395
185
43
342
80
242
250
489
99
377
408
268
279
109
479
446
13
235
274
277
340
316
262
473
11
396
482
292
256
55
407
472
324
173
322
5
57
17
45
341
320
315
423
428
252
40
88
194
298
189
42
19
429
27
310
119
16
211
184
441
342
475
375
126
250
486
63
320
108
89
63
360
56
421
347
203
259
34
205
384
499
254
380
83
147
405
162
303
241
458
137
344
254
54
208
358
72
393
324
383
187
151
357
160
352
457
496
395
209
368
54
156
363
236
205
99
177
81
33
117
470
290
384
160
407
423
55
139
375
479
108
315
192
325
29
281
254
146
251
48
274
306
99
249
180
215
258
423
206
72
79
462
359
303
481
72
481
143
55
118
483
458
292
364
372
56
490
152
161
358
324
235
106
458
341
444
385
201
266
49
16
417
322
31
220
169
221
104
112
159
78
202
166
252
333
15
365
79
283
55
266
304
213
345
373
56
352
114
431
205
391
108
215
481
232
432
138
403
315
344
397
24
288
396
180
78
171
393
94
50
136
151
351
129
187
169
365
149
410
365
87
399
236
387
63
144
407
454
361
249
436
34
491
12
37
347
93
177
75
109
181
71
113
261
8
266
192
42
164
486
481
67
192
45
112
19
33
174
419
394
360
173
340
326
17
352
387
190
322
244
381
351
166
404
85
169
151
79
94
15
40
66
236
167
500
400
495
85
321
213
378
357
315
174
132
90
394
449
331
344
33
29
239
454
292
48
268
327
143
179
404
200
362
68
93
346
340
177
353
205
416
483
273
196
120
278
314
15
15
179
133
208
480
318
48
454
158
433
484
34
377
158
239
83
383
202
201
6
342
199
342
11
70
40
104
283
96
477
287
113
227
213
491
416
398
261
205
46
203
25
120
146
242
290
138
477
281
131
108
459
235
496
452
71
118
283
477
402
439
158
469
433
55
473
98
129
400
327
156
245
63
137
331
235
438
482
56
169
372
85
209
384
106
211
25
437
229
19
337
229
158
401
357
160
111
44
107
209
215
56
394
302
138
78
19
163
232
66
237
19
301
491
286
233
337
189
169
152
354
187
15
81
388
353
472
176
342
362
433
62
30
71
68
468
422
235
500
55
158
27
245
26
2
419
353
195
215
287
40
181
404
54
141
287
347
405
376
54
151
408
310
394
481
392
161
370
209
412
415
119
304
228
319
385
432
237
94
250
42
384
422
60
220
394
169
405
41
381
155
388
115
141
143
385
146
418
291
93
291
45
319
341
266
488
500
450
298
139
250
465
400
25
196
206
386
242
59
422
24
466
86
223
393
141
94
197
154
337
48
209
236
306
256
6
245
59
166
193
457
189
62
379
360
469
247
344
457
143
399
45
96
482
27
43
288
278
7
292
330
231
360
24
119
227
59
48
429
85
429
200
259
484
442
98
50
395
10
343
496
407
215
306
438
206
273
352
383
439
413
119
56
19
411
242
496
49
316
158
465
190
83
85
438
483
317
494
428
435
163
384
473
368
252
286
185
375
17
483
384
266
81
353
402
105
495
43
163
220
391
473
272
209
196
187
484
473
350
423
292
482
57
211
210
205
245
375
313
203
442
331
43
401
203
341
273
108
35
246
172
284
281
18
479
123
78
404
489
34
286
145
173
36
35
245
169
432
107
314
473
252
479
365
432
320
315
127
164
178
59
237
333
481
457
320
402
88
41
215
328
254
373
10
327
235
421
205
279
113
394
65
220
268
252
377
83
484
399
483
315
479
265
301
242
353
74
450
59
205
174
161
485
113
489
237
174
196
342
377
160
140
367
146
206
85
432
86
23
397
483
459
417
104
253
230
373
86
232
304
350
166
152
15
327
74
435
209
394
102
479
384
139
131
370
206
301
166
185
484
130
208
410
88
233
479
285
233
322
4
166
362
135
31
235
187
290
201
371
405
384
55
472
9
451
328
244
232
486
481
74
181
239
357
8
361
425
434
113
205
6
231
331
386
339
10
72
174
205
113
31
162
211
200
183
493
37
303
71
124
281
395
25
1
339
235
429
57
334
412
337
361
292
237
466
211
235
490
383
250
178
315
457
83
10
71
115
210
215
107
283
11
393
127
385
189
175
378
57
126
441
1
48
290
421
410
26
213
31
138
190
147
370
99
137
49
209
327
386
429
175
294
407
121
364
230
139
151
451
265
198
31
337
175
178
17
175
19
201
381
26
209
405
82
428
488
221
250
72
248
419
81
94
344
410
122
244
164
363
365
161
231
383
45
174
353
118
217
163
169
5
160
196
143
48
7
169
180
159
178
179
72
187
477
5
480
481
439
466
18
307
149
286
129
12
374
421
78
353
261
23
272
191
266
196
385
73
96
416
309
269
365
391
340
137
154
246
196
43
466
453
83
165
444
265
238
26
349
10
368
42
339
438
146
316
208
78
485
337
290
383
181
219
402
210
327
189
206
181
284
77
423
196
161
434
44
309
164
385
268
418
324
237
488
428
17
433
267
54
125
78
351
143
416
174
80
315
323
169
286
233
372
426
489
244
332
454
329
202
358
196
137
341
225
303
483
298
378
413
202
181
305
200
76
255
63
344
158
486
208
190
53
201
330
111
173
27
340
432
402
421
265
137
63
233
144
272
365
4
173
494
423
386
166
40
362
179
161
435
315
172
433
245
71
310
44
250
283
19
292
366
480
421
357
303
173
282
223
5
399
205
361
8
209
265
123
45
5
198
267
230
107
93
384
88
236
415
473
163
1
328
313
205
245
1
292
48
139
244
59
35
449
494
66
59
80
457
54
1
481
459
389
320
47
40
206
441
66
16
306
353
309
59
55
159
357
172
261
78
290
387
78
421
405
393
48
109
383
225
301
294
347
429
322
306
334
182
39
17
379
71
86
195
152
303
266
342
30
43
342
277
290
429
215
249
203
175
476
259
208
88
158
322
293
205
2
433
33
48
164
287
361
41
405
28
221
303
494
371
483
269
385
53
78
213
267
92
459
184
260
101
391
141
86
74
119
108
391
207
88
5
292
384
210
262
64
361
422
9
230
299
20
290
293
202
496
410
403
411
48
9
237
158
263
43
122
314
31
209
439
118
28
407
107
201
213
1
292
55
255
283
454
395
273
399
397
319
209
370
28
473
205
351
429
211
496
54
2
412
340
491
209
450
242
286
495
177
46
175
56
109
232
287
202
114
1
457
466
201
200
314
410
396
202
6
239
205
107
340
201
260
382
293
39
178
35
121
119
54
94
473
211
85
238
386
477
198
487
258
288
64
66
24
481
54
402
488
385
327
167
388
236
331
209
47
326
48
6
329
449
324
480
324
91
303
14
318
21
449
172
344
181
286
55
465
402
368
166
270
94
454
441
139
435
213
14
12
59
481
413
179
494
33
385
483
5
405
358
344
233
251
96
265
121
440
307
431
327
191
288
386
426
217
137
30
161
443
327
8
206
66
345
305
326
205
391
406
438
341
375
201
187
66
320
242
436
33
313
117
174
109
362
377
22
22
421
307
361
215
215
211
487
252
147
423
33
18
64
483
44
196
182
137
81
419
173
12
396
438
10
123
479
256
79
249
13
329
325
353
370
433
480
34
86
102
183
473
265
213
326
28
263
373
184
265
483
496
215
220
479
81
108
78
143
456
315
351
197
476
304
65
86
443
480
496
242
185
152
181
429
126
473
363
487
22
15
398
185
106
395
393
432
324
122
270
44
32
417
245
394
245
354
7
166
237
484
377
326
364
458
407
94
236
383
98
31
313
125
393
87
353
348
394
186
405
66
242
71
254
358
30
132
324
129
366
342
141
382
248
109
81
160
248
215
88
459
25
55
261
446
77
6
441
436
415
497
175
322
161
48
96
487
394
108
246
395
193
187
310
419
481
151
293
30
392
83
43
137
433
407
283
477
494
94
82
288
1
412
286
435
98
398
303
253
293
1
319
454
285
236
331
323
182
8
220
323
304
15
129
206
383
19
201
112
17
222
203
211
384
169
476
288
83
65
292
196
200
22
180
365
281
252
307
421
364
190
307
303
279
322
412
297
405
254
198
33
25
466
146
192
177
283
293
457
153
322
209
469
304
81
93
232
437
245
283
274
276
470
32
468
412
185
310
384
326
197
266
482
104
386
5
327
119
159
246
329
10
394
329
217
152
457
41
304
435
381
213
254
449
345
261
417
180
16
193
68
226
416
327
130
433
439
85
43
306
473
301
88
159
415
360
266
487
433
85
315
450
451
473
416
185
239
371
249
361
419
27
479
49
268
270
209
146
496
151
474
347
177
122
181
90
44
211
386
258
175
12
298
322
121
225
30
326
235
339
363
2
269
405
185
391
209
195
392
65
103
27
253
465
258
34
118
419
334
373
315
241
258
186
422
435
249
439
349
149
469
163
384
71
149
485
190
408
383
303
25
35
132
230
454
15
412
159
483
377
389
416
65
493
311
117
65
408
304
249
248
327
143
303
486
429
25
81
408
454
42
383
438
465
396
56
401
107
109
55
286
443
373
143
432
477
480
20
5
352
196
57
416
279
83
436
60
245
337
286
387
349
441
99
280
59
187
383
138
415
139
28
190
182
204
437
404
160
462
290
71
315
126
201
161
230
195
382
462
373
101
394
404
25
166
169
402
88
19
85
86
220
108
173
342
141
490
159
102
408
98
416
362
435
166
68
220
139
269
8
51
57
324
59
344
42
100
34
87
195
143
298
74
176
454
433
407
152
334
439
27
85
411
106
35
179
169
466
29
497
386
230
351
323
284
481
342
318
446
174
279
73
56
129
272
376
109
174
70
81
320
352
157
309
159
65
434
143
48
468
209
261
487
239
136
363
54
74
56
142
360
206
210
12
436
382
303
394
405
288
174
384
405
119
496
284
232
54
273
406
235
404
342
160
28
362
201
416
123
290
102
68
159
489
265
152
236
454
68
402
347
200
230
357
149
473
266
96
143
199
281
19
274
29
215
49
480
305
477
309
331
379
68
27
274
281
385
62
32
322
69
361
145
347
381
320
454
290
334
476
82
205
372
88
206
63
454
209
294
433
114
15
100
255
19
320
437
446
290
474
477
84
408
367
193
339
336
17
483
373
12
149
373
367
252
371
123
454
266
297
479
488
265
139
85
268
328
439
250
167
24
181
106
269
466
175
179
60
108
312
357
454
16
482
266
408
418
405
252
87
191
324
8
310
14
246
220
327
256
290
457
488
495
358
108
18
156
286
481
217
342
240
261
63
200
211
167
362
54
306
320
48
439
163
143
225
239
146
189
22
295
293
217
227
41
387
314
266
34
250
324
62
32
496
351
115
185
126
419
96
178
381
53
304
81
457
274
482
396
437
94
54
185
337
299
190
432
365
169
157
245
226
368
419
333
66
344
279
178
487
25
337
188
178
14
71
293
241
472
402
27
430
11
349
394
115
39
119
193
80
481
364
98
337
197
353
42
159
314
83
244
469
368
16
416
89
242
130
481
68
465
310
333
375
480
372
329
449
233
326
19
375
119
416
304
63
184
102
313
48
24
266
189
416
181
163
404
104
342
402
41
362
485
85
362
412
23
94
151
384
405
432
479
410
481
267
439
233
265
241
283
495
271
164
342
160
78
220
439
333
139
393
106
23
226
242
431
97
41
336
41
77
466
136
449
267
373
324
292
449
78
481
252
149
388
384
370
273
119
410
425
238
78
40
477
265
383
190
353
141
466
138
375
19
367
457
486
77
351
315
13
405
387
119
60
323
362
423
174
438
373
45
337
407
118
479
12
118
114
180
65
10
198
293
474
439
3
486
327
25
252
211
235
494
398
446
229
419
322
273
174
442
433
370
324
334
416
33
353
486
265
303
151
309
47
337
13
27
64
358
209
132
454
126
113
9
480
147
17
129
309
151
2
319
398
332
109
479
21
239
358
230
177
354
362
117
48
245
88
352
411
180
301
292
80
480
419
119
277
244
55
39
375
200
353
185
145
63
314
322
167
450
266
481
123
14
238
49
481
71
457
157
47
365
297
352
361
436
412
98
98
418
441
109
460
39
400
94
283
40
174
242
393
65
51
375
429
265
124
55
485
31
211
2
201
81
12
301
437
304
24
266
358
9
72
118
239
74
183
436
405
389
419
480
232
15
219
324
158
83
286
272
405
22
181
154
406
175
233
459
102
114
32
425
152
166
121
298
333
98
366
237
178
229
473
213
28
43
315
342
63
371
278
102
123
485
286
137
408
115
320
333
176
252
337
98
408
334
82
171
358
310
483
283
489
185
66
333
361
54
403
99
129
370
408
383
187
436
370
365
201
33
233
413
179
407
315
213
55
267
357
141
404
496
388
118
225
352
155
331
66
410
102
253
382
88
329
292
423
389
209
309
80
108
198
473
42
230
384
477
342
438
4
445
457
12
405
457
466
331
441
479
312
108
319
473
262
78
403
87
132
143
489
457
208
22
74
436
10
368
428
114
207
36
245
375
43
326
235
2
315
140
106
327
432
162
359
235
85
56
279
32
416
394
462
270
491
220
87
25
120
334
139
175
179
187
462
305
137
117
293
370
59
96
286
473
303
402
391
81
363
357
323
365
395
227
53
422
27
209
9
439
363
111
399
357
417
479
407
340
159
340
9
109
166
437
273
50
397
138
54
108
489
438
301
30
151
337
220
6
468
472
384
104
71
79
108
466
386
451
48
294
385
341
441
269
441
268
293
166
230
476
454
248
327
365
18
405
208
263
217
408
322
211
486
250
150
155
88
187
286
159
45
208
154
380
224
30
455
441
1
239
94
310
473
102
380
265
287
384
358
379
215
8
459
342
25
121
78
450
429
261
220
126
412
457
87
249
410
334
339
457
270
368
327
290
388
411
338
196
202
28
469
324
66
353
229
248
347
130
381
82
149
484
445
397
333
103
484
43
203
398
172
164
410
108
89
152
160
64
290
78
281
27
383
159
442
26
396
82
129
59
164
178
123
315
387
121
17
177
215
228
201
445
14
373
119
26
132
396
484
29
62
294
165
189
65
347
107
415
495
208
213
120
236
261
55
482
166
471
45
394
152
258
129
98
347
307
56
477
43
448
28
57
215
117
450
272
379
59
303
446
34
236
485
404
175
129
186
451
6
18
435
405
352
140
220
347
311
54
11
487
55
439
333
41
322
49
362
209
237
146
349
416
266
459
408
239
422
438
423
176
290
458
41
47
4
396
439
104
286
130
122
268
86
312
125
495
68
275
83
324
55
146
288
446
11
340
254
447
310
42
418
78
387
323
104
328
177
437
485
389
43
267
421
26
265
191
10
261
185
8
36
474
17
6
136
266
229
193
358
416
65
59
81
102
415
369
407
405
211
225
290
347
363
378
394
376
173
102
386
426
45
472
203
449
341
59
372
33
24
432
163
412
66
89
454
156
435
324
208
44
294
140
334
405
244
409
167
358
370
42
13
201
74
338
353
34
94
288
232
54
138
158
180
169
496
130
49
236
432
381
416
455
357
19
73
162
440
395
220
27
93
155
331
172
347
90
351
384
353
174
163
370
215
40
151
387
96
351
384
268
107
473
329
398
144
164
388
254
412
167
189
45
242
63
385
8
115
192
298
5
47
250
429
210
387
464
294
140
438
386
497
66
174
309
30
62
398
265
98
230
193
326
132
204
407
314
301
412
65
402
281
487
480
173
245
88
44
466
358
149
280
22
495
137
266
465
41
426
405
118
41
452
62
146
229
83
358
129
389
98
405
176
244
435
55
432
365
169
307
480
151
477
232
78
178
5
344
202
484
466
65
138
96
230
89
26
78
84
500
469
77
235
441
93
333
252
491
89
62
295
251
164
318
100
468
422
469
340
287
62
372
432
185
407
241
360
405
209
108
242
155
353
290
10
5
315
146
81
340
320
2
164
252
253
203
303
123
197
322
340
78
416
106
166
55
11
298
202
169
228
25
205
309
220
344
158
154
322
322
267
265
469
129
342
378
203
174
331
419
193
433
158
25
304
253
123
172
268
344
368
387
286
493
164
108
83
340
246
429
344
60
177
217
13
428
485
139
178
411
447
177
78
430
340
438
115
10
283
35
241
113
466
59
55
415
404
66
123
252
213
55
71
28
15
304
99
233
485
164
288
215
283
40
251
357
211
25
441
74
146
139
242
115
127
196
309
21
43
339
384
438
83
244
322
161
253
24
180
200
375
190
266
304
416
54
482
15
432
320
205
229
99
31
363
191
244
88
279
213
378
192
324
42
480
432
209
90
1
421
15
208
176
88
457
160
267
287
155
83
375
272
54
357
485
388
230
108
268
350
114
11
167
496
447
345
245
254
208
205
403
229
324
454
421
429
34
482
106
6
351
56
431
98
389
232
324
147
47
38
394
419
250
396
118
486
432
306
381
269
340
385
102
151
155
307
5
48
318
49
179
443
177
265
473
306
134
30
294
22
164
310
253
13
470
235
432
105
277
194
54
383
17
261
6
457
102
55
312
482
463
383
56
491
312
98
173
458
162
210
472
1
230
55
362
173
435
318
333
405
395
389
18
273
166
227
129
449
347
49
90
325
337
175
13
40
223
88
433
14
217
140
209
242
12
41
48
54
34
379
309
209
297
161
201
279
138
25
466
100
485
183
327
266
2
406
421
149
271
138
397
358
115
152
16
438
451
254
322
182
357
331
297
254
24
73
26
417
391
481
436
95
418
393
360
178
200
54
396
145
459
143
45
298
314
406
329
320
237
172
419
193
73
35
416
357
38
161
35
204
102
375
474
203
369
251
9
78
399
30
426
353
365
397
304
158
268
207
187
46
175
385
50
33
79
353
346
107
169
99
326
191
266
106
138
189
398
268
42
71
159
102
238
479
489
500
342
463
160
334
417
146
92
399
484
53
1
98
24
375
130
441
376
423
357
357
229
187
432
231
122
292
351
293
177
384
252
334
22
59
50
85
10
489
302
182
433
479
338
28
248
371
118
91
209
443
45
454
347
25
181
303
357
125
251
236
31
391
19
270
279
12
45
323
278
323
59
465
399
403
353
329
286
200
486
42
139
485
48
252
441
59
369
15
65
379
423
95
449
95
429
407
39
218
126
102
411
237
288
220
62
372
182
409
145
39
146
132
98
329
303
12
458
15
163
141
376
416
80
418
292
88
269
54
294
484
441
20
235
442
270
202
404
267
416
20
337
136
279
102
48
393
370
5
410
340
153
178
334
347
457
489
162
252
54
394
98
290
268
9
83
16
445
254
314
126
483
457
113
42
484
213
233
286
332
11
439
375
242
83
211
90
432
251
232
290
408
494
454
473
290
218
209
454
336
241
146
22
242
482
64
429
130
25
311
320
132
364
65
418
34
177
446
421
233
480
215
412
43
415
415
211
30
451
24
438
55
252
360
11
429
429
14
123
411
493
235
225
85
66
236
249
118
132
370
486
182
442
482
395
414
152
399
183
313
482
109
96
237
419
54
129
185
74
211
292
146
214
384
196
341
298
209
121
405
23
56
313
181
394
188
183
445
238
290
408
209
65
65
473
266
173
25
112
19
327
477
466
49
455
433
387
324
19
393
78
143
14
405
494
33
71
71
25
249
304
205
432
437
239
310
484
85
181
57
286
54
146
25
168
486
288
256
62
469
381
12
378
488
32
180
41
450
466
446
25
433
204
480
244
166
113
209
42
372
287
9
39
46
85
180
146
395
419
244
464
360
232
215
431
413
365
161
43
416
412
219
448
480
220
331
123
294
373
337
50
407
261
78
268
54
479
40
96
244
491
422
17
421
34
449
386
59
239
89
79
398
31
139
398
211
191
85
98
99
386
252
26
277
251
96
249
198
12
211
465
449
458
239
244
483
442
232
479
5
50
158
126
50
372
43
9
111
139
99
438
98
125
181
457
412
402
208
196
337
385
365
26
408
293
55
262
387
412
81
57
327
124
486
166
108
104
376
419
391
381
202
108
462
494
233
78
31
376
269
398
293
119
352
228
265
246
380
119
151
482
267
55
26
152
217
236
201
428
385
283
70
489
201
48
111
78
406
78
94
362
163
36
66
98
408
42
102
96
407
166
202
479
410
431
124
33
3
487
360
263
432
196
305
259
364
273
162
480
453
158
49
220
107
249
162
482
394
60
196
93
321
441
404
365
437
34
143
496
254
493
200
183
304
175
242
35
68
163
201
172
190
229
164
239
290
457
350
439
19
193
402
418
129
85
237
160
314
369
30
479
108
213
129
290
265
65
329
404
54
4
139
500
24
230
463
294
242
159
45
66
123
322
432
441
147
398
255
351
138
25
484
364
267
180
445
393
265
405
494
477
254
238
357
484
196
206
179
472
296
149
456
365
301
101
383
72
256
122
439
410
72
217
383
195
252
90
278
268
353
49
383
323
366
230
90
322
436
417
65
187
197
326
159
405
368
215
5
56
429
6
486
466
457
439
337
495
393
265
304
48
398
19
426
210
235
81
387
47
393
399
135
102
48
429
39
157
118
481
457
178
479
123
237
423
327
238
466
405
209
433
500
88
217
460
191
187
419
297
435
34
373
18
77
149
494
340
287
149
137
17
293
34
213
30
421
54
115
115
387
50
209
158
418
346
426
324
480
357
337
40
340
64
310
90
215
1
119
64
360
306
481
364
83
494
89
322
163
123
407
54
429
303
98
65
121
408
384
160
119
229
74
220
483
141
370
85
454
479
405
167
38
101
362
36
398
304
293
202
234
80
338
237
466
261
372
398
209
9
254
113
457
265
22
199
326
209
220
189
292
253
416
163
136
2
221
304
268
152
425
408
495
320
438
438
261
26
449
179
42
482
85
261
375
457
272
165
124
363
108
418
71
469
96
353
437
35
261
408
16
161
33
416
159
459
326
421
114
468
1
491
40
46
464
109
362
181
233
446
404
395
64
154
118
85
457
137
393
345
209
235
375
12
59
14
385
238
283
160
415
487
405
59
122
301
483
411
217
23
441
408
205
164
181
94
125
366
393
195
71
130
98
87
449
402
8
358
175
34
108
54
201
20
398
72
301
495
13
100
74
395
207
287
43
151
326
240
259
192
315
30
367
324
88
245
379
17
361
93
140
56
260
383
48
407
160
72
351
56
476
209
48
215
290
241
79
238
386
122
200
266
235
136
339
364
394
304
369
357
236
119
490
324
177
236
285
178
378
387
480
71
303
421
392
261
93
429
63
245
193
314
357
106
181
138
74
441
351
324
313
118
233
118
485
261
13
33
448
55
319
441
118
245
485
455
407
65
208
230
314
481
254
371
314
225
104
169
438
22
324
239
120
5
48
405
206
8
334
407
203
30
495
322
55
398
169
337
433
14
205
16
258
266
387
14
369
399
293
244
220
38
500
5
459
483
375
481
8
304
314
81
197
377
387
398
365
130
449
351
322
211
211
487
266
206
149
383
230
266
146
438
201
218
425
476
124
304
232
360
416
315
345
413
122
315
402
416
269
496
371
362
30
292
98
362
450
55
193
86
238
154
182
275
408
195
78
333
53
177
75
395
373
310
194
367
96
387
175
228
265
173
114
473
347
144
201
104
96
484
282
36
231
500
307
160
136
382
30
383
1
96
59
174
367
166
377
367
201
365
350
328
439
473
189
13
11
8
269
357
326
324
121
371
387
245
211
56
403
30
5
56
113
62
48
475
123
352
230
90
481
421
28
454
347
267
448
124
340
345
442
87
377
185
230
289
47
327
452
288
217
16
494
237
59
160
239
473
126
93
191
149
385
347
163
319
185
230
398
71
236
327
394
130
394
33
200
265
432
283
494
273
185
496
114
19
320
27
290
89
393
417
433
454
71
121
344
434
177
404
141
459
49
482
380
15
85
303
39
23
132
14
464
59
254
325
408
169
290
81
370
209
28
332
14
141
54
233
109
244
196
303
372
287
457
412
372
21
494
436
55
459
477
196
194
13
384
469
411
2
63
483
375
87
441
74
281
441
43
98
397
324
267
232
429
480
312
77
494
244
269
185
421
303
451
15
370
96
217
81
265
185
303
12
230
235
384
78
295
415
357
348
109
72
441
200
74
494
377
207
387
230
15
65
299
310
361
31
76
410
288
373
324
207
292
211
439
5
27
290
120
423
385
304
208
384
315
57
81
239
391
41
19
16
12
304
252
342
299
416
353
462
160
301
383
322
15
141
339
56
394
429
83
306
392
423
9
400
396
129
118
266
363
278
4
94
245
19
440
30
74
434
387
438
279
473
231
358
185
284
137
56
139
473
180
190
402
405
459
365
250
40
290
479
158
177
338
213
324
213
164
178
429
439
174
268
288
35
35
407
387
274
363
191
119
267
58
74
19
432
208
178
331
178
16
309
156
193
293
40
160
149
196
406
438
364
150
496
484
139
393
433
250
315
408
98
320
254
417
152
159
225
405
320
174
161
189
372
71
118
91
215
138
181
378
198
89
391
314
334
342
89
123
18
184
357
169
468
500
398
63
160
237
24
77
489
383
361
180
245
401
145
410
200
196
213
400
480
34
485
13
322
151
70
228
389
283
251
107
365
382
30
179
220
238
72
230
489
118
410
126
328
347
479
457
39
30
12
387
393
201
119
166
437
250
63
26
429
349
187
94
160
272
1
182
243
429
322
227
283
10
394
274
94
213
269
496
293
174
65
358
77
288
177
15
261
257
124
147
378
177
301
500
220
309
412
227
69
86
68
376
123
368
361
235
5
83
55
331
6
94
88
141
394
81
160
340
146
206
278
479
237
33
284
293
370
119
370
5
201
469
33
152
338
295
265
169
18
80
118
283
333
33
97
421
275
262
59
416
1
5
201
33
107
363
131
453
303
362
358
345
277
35
261
480
313
429
1
96
181
149
338
75
261
429
30
315
12
312
359
402
44
12
143
16
265
307
408
86
205
1
215
268
267
365
230
138
469
436
145
383
415
55
118
230
249
90
116
114
347
259
451
357
114
303
307
81
370
258
415
286
251
43
347
180
56
412
391
113
256
405
232
405
329
479
62
219
138
466
141
433
178
13
138
404
47
361
292
201
274
473
191
25
42
43
30
250
479
27
473
81
290
42
133
44
45
365
404
115
145
283
48
249
236
48
307
35
442
85
357
421
402
90
230
283
268
445
215
354
83
169
233
323
332
401
200
71
385
6
267
484
487
28
429
389
119
435
66
166
81
330
482
362
6
108
81
42
472
466
404
304
320
484
416
81
54
286
249
130
400
304
416
433
386
18
470
26
445
426
259
45
10
108
471
408
18
207
146
73
407
194
239
304
441
87
138
74
320
5
42
338
292
15
59
11
440
293
122
102
290
48
172
48
481
125
278
45
381
210
337
63
106
102
49
269
64
86
446
189
65
454
448
403
316
458
267
204
22
339
419
188
462
463
220
2
201
398
141
33
479
89
302
469
387
27
357
323
155
54
154
25
63
39
451
53
107
399
208
11
157
132
93
80
477
294
320
96
78
57
370
65
265
93
266
385
399
156
44
301
469
294
441
421
288
344
118
374
235
412
32
448
419
39
451
143
347
340
354
410
306
138
95
220
6
149
398
309
358
107
108
41
175
373
334
196
284
303
5
415
422
108
124
90
407
237
119
60
239
49
369
405
203
293
207
83
333
65
82
357
351
457
56
45
124
152
209
137
325
129
62
416
65
308
387
287
48
251
290
474
500
485
19
66
55
190
38
490
331
223
172
246
432
375
429
119
158
392
399
399
446
14
357
230
262
104
245
78
83
172
249
310
211
381
424
249
225
205
389
32
252
375
201
312
326
272
15
55
332
307
118
163
11
391
43
404
324
393
244
17
13
497
322
85
42
375
71
492
481
410
439
235
433
119
177
405
313
448
165
304
15
63
187
320
19
239
34
177
287
93
39
106
98
177
206
40
179
12
473
235
79
201
269
334
281
187
344
39
433
83
439
265
2
309
433
266
491
399
98
254
66
361
68
48
172
361
477
152
230
230
344
32
412
454
205
494
138
374
305
173
402
330
40
256
497
404
293
337
10
24
320
107
147
146
215
290
347
485
156
96
211
402
174
205
102
204
18
235
399
91
151
484
118
215
64
324
292
78
457
68
166
394
151
207
100
377
106
28
49
45
229
236
266
55
203
405
76
485
210
353
181
154
268
279
119
104
104
54
294
13
65
156
410
185
23
42
5
143
191
417
314
204
449
230
358
396
307
337
19
158
230
185
158
202
123
304
46
