1
8
16
1
11
41
50
20
33
44
22
39
33
12
49
35
42
39
28
33
17
3
33
49
11
30
12
12
12
10
9
17
20
22
39
49
3
29
10
2
17
20
40
37
29
46
10
21
48
3
33
33
15
46
21
28
15
34
34
14
24
6
25
31
39
12
33
29
44
35
31
46
1
30
26
48
23
34
8
34
30
11
38
5
28
48
30
5
48
15
15
29
1
23
22
24
26
17
10
31
18
4
11
44
41
13
9
24
31
19
45
31
36
2
2
27
34
7
25
45
40
39
29
28
21
14
12
48
35
4
35
20
23
28
16
30
8
13
5
49
11
17
24
18
23
7
50
3
37
16
20
15
15
50
21
26
42
39
47
24
48
4
33
17
24
36
40
36
29
4
4
40
19
23
5
22
7
29
40
42
16
36
31
5
10
41
12
36
4
39
11
11
7
50
24
26
4
6
40
2
8
49
10
10
21
8
7
48
18
9
24
40
1
44
21
25
17
48
34
19
31
16
34
13
39
23
34
49
2
41
9
27
41
25
21
34
35
4
9
15
10
5
9
8
40
27
45
25
21
41
34
20
42
33
42
1
2
33
44
44
2
38
25
50
12
1
31
18
13
3
5
20
6
45
46
48
28
47
42
4
12
45
6
8
15
46
7
39
17
26
6
25
41
21
5
29
25
10
18
7
24
28
2
22
30
8
15
50
29
38
31
18
32
40
50
49
38
32
9
12
24
44
38
34
48
19
16
15
13
5
17
47
27
50
32
6
5
7
39
42
4
18
26
22
11
11
12
24
30
46
15
11
50
29
16
37
47
33
13
30
13
46
50
30
6
48
34
27
22
11
50
47
10
42
12
48
19
35
27
21
17
31
27
1
22
6
7
48
44
31
17
5
47
37
48
44
33
48
50
6
44
21
20
50
20
1
6
15
12
6
36
35
9
13
17
28
35
33
33
40
38
10
42
7
13
11
18
4
1
24
1
34
35
19
42
16
6
24
16
19
17
18
48
38
50
40
12
12
50
12
26
20
40
13
28
39
38
34
27
44
47
32
44
48
2
8
35
21
22
11
22
21
35
23
4
45
13
13
21
15
3
36
10
23
6
2
5
34
42
3
12
39
8
16
39
45
39
27
46
5
15
29
8
20
15
20
32
2
15
27
40
38
26
47
50
40
10
6
42
17
6
17
13
8
18
47
48
12
31
46
17
23
48
4
39
33
41
46
6
22
17
24
33
16
29
45
50
4
41
11
8
3
48
30
23
35
26
4
10
12
30
44
24
42
26
28
29
23
9
27
45
41
6
38
34
29
29
49
2
42
18
12
46
12
41
17
35
29
19
32
1
22
41
26
39
49
4
2
13
45
26
35
13
12
42
39
19
12
6
28
34
16
22
7
17
5
14
27
28
40
3
20
46
39
37
31
41
45
37
46
39
49
40
35
46
3
30
40
30
46
10
48
23
29
8
48
49
11
48
9
13
19
48
37
40
21
40
25
3
27
35
38
40
26
6
20
32
41
4
3
21
14
46
41
37
33
31
18
45
17
38
25
17
38
37
40
17
48
48
16
13
14
7
11
31
32
39
14
19
31
26
6
12
45
25
38
18
12
34
9
5
17
25
34
15
11
12
23
41
10
26
9
28
19
41
14
33
12
16
34
49
18
24
18
31
31
20
24
10
46
13
33
32
44
30
3
30
33
34
1
3
4
20
21
3
12
35
42
11
42
6
48
32
15
6
7
13
24
31
4
14
30
17
34
33
31
19
3
42
46
19
8
25
28
45
31
3
49
47
20
50
30
19
5
44
20
7
38
18
3
41
27
32
39
3
4
5
17
5
27
23
13
21
20
16
47
48
21
46
9
49
20
47
31
17
27
36
22
46
29
15
18
1
19
15
1
3
4
13
36
34
38
17
23
50
4
41
3
24
46
49
23
35
29
29
8
16
48
33
16
48
35
27
10
28
7
11
49
9
30
30
3
3
14
40
8
3
45
11
37
2
8
26
25
45
14
2
2
9
34
47
7
45
39
36
15
44
12
39
16
20
6
5
32
45
32
47
27
16
23
8
3
18
4
10
4
46
31
3
44
39
32
9
36
27
39
16
18
42
31
50
6
28
10
13
47
6
17
27
45
27
2
48
6
12
33
2
32
42
25
37
48
2
31
46
22
44
22
28
27
2
36
12
50
7
22
24
12
17
3
47
8
6
2
15
25
42
28
33
4
50
19
20
47
1
39
27
49
50
7
37
41
20
38
10
37
9
39
35
16
